pcall(function()
  game.StarterGui:SetCore("SendNotification", {
    Title = 'Sup it's me Mario';
    Text = 'Helo thanks for using this script';
    Duration = 20;
  })
  if not game.Players.LocalPlayer:IsInGroup(12052955) then
    coroutine.resume(coroutine.create(function()
       wait(10)
       game.StarterGui:SetCore("SendNotification", {
        Title = 'you're NOT in the group';
        Text = 'the script will still work but our group link was copied to your clipboard thanks';
        Duration = 20;
       })
       setclipboard('https://www.roblox.com/groups/8104907/Ikigai-Clan#!/about')
    end))
  end
end)
-- Lua simple XOR encrypt by Ganlv
-- https://github.com/ganlvtech/lua-simple-encrypt
key=gg.prompt({"Password:"},{""},{"text"})[1]local a=load((function(b,c)function bxor(d,e)local f={{0,1},{1,0}}local g=1;local h=0;while d>0 or e>0 do h=h+f[d%2+1][e%2+1]*g;d=math.floor(d/2)e=math.floor(e/2)g=g*2 end;return h end;local i=function(b)local j={}local k=1;local l=b[k]while l>=0 do j[k]=b[l+1]k=k+1;l=b[k]end;return j end;local m=function(b,c)if#c<=0 then return{}end;local k=1;local n=1;for k=1,#b do b[k]=bxor(b[k],string.byte(c,n))n=n+1;if n>#c then n=1 end end;return b end;local o=function(b)local j=""for k=1,#b do j=j..string.char(b[k])end;return j end;return o(m(i(b),c))end)({5278,6418,5579,6271,6060,5230,5870,5414,5370,5425,6288,5477,5336,4596,5646,4743,5304,6752,5729,4026,5306,3902,6673,6680,4849,4034,6525,4658,3555,6551,5701,6591,4079,5785,5187,3925,4004,5596,5677,6327,3598,4520,5129,6483,4932,6326,5655,4436,6057,5635,3791,6299,3777,5262,3892,3585,3462,5751,5614,5454,6438,3500,5277,3952,6638,4749,5159,5101,5503,3429,5084,4628,4284,3789,6219,3652,6471,6139,5568,5505,4111,3680,5630,4278,5746,5479,3850,5419,4752,3668,5703,6787,4254,6202,6765,4259,4675,6496,4779,6328,5340,5142,5400,5629,4217,5192,4777,6240,3811,6269,6337,5564,5110,3352,5922,3794,3353,4788,6024,4044,4739,4824,6446,4199,4820,3699,6033,5021,3361,6672,6039,4756,4417,6128,4822,4577,6466,6190,5241,5152,4150,6264,5324,5530,4688,5301,5852,4588,3923,3804,4972,5078,3801,5220,4018,3738,4719,4415,4123,5410,5059,5730,3603,4910,6160,4429,5450,5161,6667,6688,5984,3813,5807,5427,5363,4231,3617,6323,3784,5660,4980,6575,3863,6614,5328,5915,4448,5320,5428,4268,4517,4940,6218,4652,6332,4966,4524,5868,5600,6028,5022,5713,3444,5917,6135,4310,4352,6120,4647,3472,6023,6581,4984,3748,4855,4223,4730,5411,3862,4155,6247,4677,4390,5903,5529,3390,3574,6357,6078,5068,6568,5563,6520,4692,3916,6163,5098,3521,4951,4426,5331,4483,4005,6321,5037,4535,6018,3898,3740,6420,4184,4584,4985,5549,5806,3719,4339,6352,3866,6621,5566,4227,4505,5064,5924,4611,6398,4543,3981,6232,6605,3985,5369,3604,3970,4671,3401,5149,3712,5825,4035,6458,5799,3676,5312,4858,6181,4423,5797,3849,5996,3763,4934,6460,4200,3576,4668,3749,3400,3341,3848,6107,6309,3541,5693,5832,6325,4234,4551,6516,4090,3467,6689,4011,4450,5178,4173,4556,5247,4928,6500,6055,5327,5902,3539,3949,5252,5896,4245,5657,5099,5850,5379,6203,6677,4323,4076,3546,3729,5468,3775,5381,5801,5723,6650,4924,6796,3589,6402,6125,4225,5873,6544,3611,4529,4093,5632,5975,6119,3350,4333,6087,3906,6517,6487,6188,4435,4293,3936,4221,4667,5166,4598,4704,3525,4847,4939,6590,4534,5310,6578,6274,4288,6552,3368,4013,3627,6773,4063,6270,5016,5977,5514,5144,4440,5824,6569,3587,3666,4314,3755,5248,3728,3766,4240,5190,6726,5156,6303,5528,5048,4729,6159,6399,5613,3790,4103,5667,5153,5790,5034,5597,5280,5436,4214,6566,3491,4843,4916,4279,3938,6791,6533,4197,6266,4828,5628,5305,3529,3993,4058,4024,4241,5890,5844,3912,4054,3792,3918,4251,4143,5594,5437,5775,5513,4316,5086,6148,3917,5256,3536,4243,3346,6735,6681,4693,6351,3941,5456,4033,6391,4282,4968,5172,3764,3621,3692,5371,3992,4313,6360,6054,4433,4755,4705,6020,5670,6462,6579,5087,6098,3446,4287,4737,5615,5982,5720,3408,6771,3717,6146,6017,5289,6441,3879,5232,5880,5214,6511,6740,4481,5598,5812,4597,3678,4981,4242,5758,4714,6732,6493,5941,3966,6358,6704,5816,6378,3725,5175,6180,5663,4215,3518,5879,6652,6444,5177,5586,3392,6573,4891,5106,3471,6708,5722,5461,5991,5872,6497,5815,4732,5318,4353,6252,6289,6542,3679,4105,3547,3573,4960,3522,5226,4875,6052,3618,3874,5565,3553,4609,5271,5789,5680,5609,4182,6626,3803,5756,4068,4987,6395,3404,5499,6567,5118,3976,5779,3778,6187,3675,5961,5700,5422,6449,4014,5554,4082,3406,4796,5169,4944,6318,6109,5715,4522,5404,4519,5912,5495,6713,6156,4196,6524,5443,3838,5690,4365,6674,3357,5963,6385,6437,4612,6668,5971,4781,4168,6207,5170,5409,6431,5268,3402,4361,5956,3691,4666,5567,6622,3639,4190,4956,4453,3825,3964,4446,4723,4530,5952,3645,5805,6255,4378,4698,6513,4132,3537,3798,4031,6312,4029,5434,3440,5920,4555,6456,5052,6115,4087,3669,4685,4402,3562,4019,3582,4456,4550,4527,4377,4021,4764,5546,3736,5802,5911,4501,4298,4416,6767,5474,6584,3722,4655,4531,6215,6548,3489,4183,3544,4151,4840,5493,5957,4097,4099,5955,6141,3498,3565,5124,6793,4265,6655,6601,5265,6059,6423,5936,3612,4439,4689,5216,6281,3899,4610,6286,4708,3505,5674,6221,5447,3564,3996,5535,3527,5487,5473,4452,6016,3566,6635,6780,5138,4447,6535,4657,4092,4989,4885,4277,3631,3847,4626,3945,5120,3840,4420,5105,4921,6386,4496,5497,3715,6641,4742,3963,5999,4374,4982,3513,5386,5338,3860,3704,5620,6712,5362,3998,4945,5143,4511,6675,3776,3844,6618,4373,3430,3490,3944,6546,5770,6084,4001,3815,3374,4512,5654,5914,4020,5237,5017,4052,5871,4823,4691,6390,5258,6766,4344,4662,4711,5818,6550,4100,5224,5345,5423,5768,6224,6401,6580,4320,6702,4488,5575,4768,5208,4473,3723,6770,4937,4918,4127,3533,6470,6353,5257,4075,6307,6695,5212,3706,4156,4325,5467,5588,5492,4080,5929,4604,3880,5948,4169,5804,4495,3967,4445,4761,3827,5704,5906,3523,3496,4318,6367,4412,5325,4389,5766,4740,5510,3819,4315,5643,6280,3545,6295,5026,3403,5055,6126,5075,4799,6419,4081,4994,6322,4442,6467,3895,5610,4953,5836,4541,5515,6720,6366,4121,5100,3623,3858,6484,6632,4398,3922,5523,3385,6285,4409,5195,6256,6406,4085,5287,6690,3663,4174,5015,5082,5570,3682,3833,6534,4712,4276,5321,6029,6254,5574,5459,3796,5228,6447,5476,5983,6719,4232,3942,3746,5234,3377,4907,5524,6030,6093,5796,4048,4413,6063,3354,6056,4110,3989,5127,6452,5102,5165,5750,5930,3695,3711,6198,5421,6089,5834,5631,5242,5506,4621,4521,4302,6376,5231,5969,5358,4089,5215,5276,5556,5502,3724,4690,4654,6644,4008,4396,3344,6196,4538,4301,4023,6015,5337,3625,3754,3907,4485,3470,3735,5485,5557,3701,5294,4845,5126,4357,5696,4758,5822,4683,5040,4022,3826,5094,3568,4236,3373,6291,5460,5773,3481,6177,4663,3449,5191,6425,4970,4750,3380,5349,4964,3743,3871,5837,4491,5937,6036,5200,5010,5458,3681,6755,4564,6138,5119,5656,6597,5668,3913,6738,4363,3915,5254,5096,5399,5538,6260,3932,4695,6761,3856,6521,4632,6494,6609,6117,4844,5330,5840,3405,3690,6741,6151,4334,6229,6410,5555,6209,4508,5741,3421,4124,4148,4367,3806,3931,6427,4086,5061,5731,4249,5013,6661,6716,6596,6305,4107,5050,3632,5945,4191,5800,5819,3339,6657,3876,6746,6375,6561,4118,4720,5201,3426,6223,6733,4461,3997,3474,3703,3760,6666,5788,4066,4773,6118,3620,4700,6629,6048,5864,3410,3453,6282,5117,4810,4857,4319,5157,3656,4186,6565,4057,4419,5540,4157,5987,6296,4741,4892,3927,4812,5391,4949,5526,5688,4769,3987,3447,5494,6742,3393,5650,3514,4568,5185,6242,5689,5393,6319,4643,4476,3441,5749,6097,4672,6236,5854,3807,4837,4659,4000,4883,6651,4728,4189,5046,5085,4967,5284,3567,3551,6643,4653,6503,5916,4922,6477,5181,5644,3528,5590,4195,4930,6090,5218,3495,4865,3802,5869,3369,4036,5561,5132,4038,5392,3655,5368,4070,5011,6331,5114,4252,6631,6616,5682,4846,4140,6764,5365,6083,6248,4716,5219,3995,4039,3422,4963,3828,6171,5509,5465,4506,4817,4661,4330,4025,5326,4069,3432,5042,4154,5395,6489,4356,5589,6194,3817,4289,5616,6585,5777,4532,5426,6490,4482,4969,4650,3502,4292,4889,5128,5089,4607,5593,3507,6540,3650,6664,5954,4165,3556,4294,4178,6308,3855,5794,5759,5901,3469,3616,5333,4233,4329,6600,4838,3424,6304,6502,6777,6662,6195,5728,4811,4684,6499,4563,5810,5315,4207,5817,4133,6356,5205,5959,5698,5141,4180,6448,3696,4789,3629,5251,5113,6268,4295,6757,5935,3962,3654,5133,5849,3928,6414,3667,3684,6698,5439,6730,5334,5378,3362,4332,5194,5747,5539,4795,3351,5572,3550,4854,6200,4887,3835,3769,4816,5063,5286,3557,3379,4460,5285,6625,6105,6479,4536,6103,5441,5150,6421,4404,4774,4203,5243,5665,3737,5049,5189,6046,4645,6665,4593,6611,4015,3988,5761,4369,5604,4576,3364,4565,3336,6693,5183,6505,6342,6572,6045,4094,3716,4682,6000,4364,3465,4355,5934,5259,3875,6528,4153,5397,6363,5455,5932,6754,5835,4112,6700,4562,5045,5649,3914,6278,6267,5076,5883,6339,5367,4406,3540,6005,4281,3845,3821,5939,5024,6624,5295,5944,4137,4175,6133,5403,6134,5317,4383,6405,3651,4638,6137,5658,4073,4826,6683,5740,5965,4360,4721,6290,6191,4938,3930,3752,3395,6230,4366,4745,6602,5745,5908,5727,3596,4141,5210,4291,5125,5544,3757,4602,5808,4554,5204,4571,4814,4641,5895,4836,4037,5814,4457,6136,4462,4586,4979,5972,4434,4399,6658,3642,5030,6454,3759,5180,4471,3548,5706,5382,4776,5036,5543,5307,4738,3415,4896,3532,5489,6443,4771,3436,4210,6241,6739,3590,3386,3800,5985,5079,4859,5279,4286,4459,6485,4467,6647,3593,4929,5134,4202,5550,6706,4470,4760,4842,3391,4862,3348,6574,5760,5809,4113,4866,3771,4164,4167,4480,6557,4664,6106,6315,5130,3635,4725,6537,3758,5897,4573,3478,4709,5861,3591,5221,5290,6182,6330,6034,5206,3961,6656,5233,6595,3413,4955,4149,5176,3933,6539,5173,5527,3683,4449,3959,6074,3634,6343,3956,6027,4468,6371,5736,3773,6594,3972,5480,6778,3641,6213,4324,6095,4784,4765,4707,5029,6571,6408,4469,5245,6050,4827,6699,6480,5041,4117,5886,6472,5798,5786,4102,4753,3947,4261,3484,4780,5072,5699,6114,5919,5478,5056,5913,4083,4371,6026,4145,6469,4095,5267,6671,5958,6069,5591,5401,3360,5691,6718,5953,4408,4205,4152,5769,5978,3673,5714,3741,5273,5491,4735,5074,4136,6025,6429,5926,4997,3613,4635,4901,4640,4393,5947,6473,6227,4465,6523,4106,5109,6501,5432,5918,4622,5263,5158,5858,5803,4644,5354,5193,3622,5043,3450,4608,6058,5384,4266,3457,6189,6433,3950,4561,4028,5774,3482,5738,4775,4701,5888,6613,4558,5887,5004,5006,6067,4385,4787,4926,4702,5244,4507,4656,3558,5641,3872,5373,4115,3345,4860,5035,6387,5607,6763,5992,4059,3869,6707,5792,3968,6110,3685,3398,5160,5360,5634,5537,4853,3588,4620,3510,3378,5931,4962,6162,6409,6709,4379,4384,5829,5405,4513,4308,4122,3355,4216,4489,6623,6660,3560,5057,6495,4726,4724,3375,6388,3889,4230,5148,4509,4722,4710,6645,6478,4983,3569,4884,5357,5602,3657,5398,6320,3983,6697,6003,6545,5033,4441,5900,6576,4686,3870,3859,3492,5457,6619,5571,6359,4444,4306,5781,5778,3427,5856,5672,5990,5442,5976,5482,5418,3795,5753,4542,6628,3854,6208,5578,5071,4400,5709,4012,4870,5167,4101,6715,5771,4523,4634,4546,5739,3707,6279,5742,3452,5638,5115,3991,5866,4903,5302,3782,6142,4747,5692,3451,5027,5446,5067,5639,6785,3687,6488,4492,5633,6259,3602,4679,4547,3774,5451,3552,4748,5622,4060,3431,3714,3409,6261,3559,3439,5154,5088,3887,6064,4958,4744,3630,3638,4772,6794,5347,3579,6131,5054,5848,5826,4088,6721,6768,4976,3921,5679,3595,5008,3512,5147,5907,3853,5857,6506,5184,3842,3425,3999,6416,6112,4697,5112,5573,6538,4954,6634,6549,4346,6727,5721,6364,5122,4660,5246,4246,5705,3370,4637,4120,5979,5894,5754,5666,3419,4472,5366,6461,3694,4867,6519,4285,4342,5103,5001,3742,6043,5240,3881,6694,6527,3526,4603,5249,4553,4873,6515,5453,4975,5925,5708,6627,3984,6384,3411,5498,6096,4264,4589,5553,4146,6220,6007,5762,3824,6407,6345,4347,6317,3337,3890,5891,6006,5820,5344,4072,6788,6607,4134,3633,4414,6340,3830,6786,4830,5685,6070,5684,5356,5899,4372,3834,5782,5520,6249,4418,5282,4913,5343,4349,4973,5198,3697,4142,3349,3486,5619,4131,5374,6145,4790,5019,5683,4897,6099,3466,3600,4159,6032,6560,3653,4208,6100,4270,4851,6341,3761,4549,3982,6792,5943,3420,6231,3864,4829,5376,4237,5501,4350,4304,5653,6679,4582,5827,4437,5765,5855,5642,5605,4185,3677,5637,3575,6459,5296,3702,5828,5534,3885,5583,4581,4209,3814,4424,3851,6582,3689,3882,5970,5164,3785,6329,6604,6201,5314,4832,5377,4358,6362,3597,6710,5309,6173,6556,5811,5973,5548,3594,5905,6301,3731,4999,6237,5239,4239,4345,5624,4275,6239,4206,3371,3662,5420,5986,6510,6772,4317,5776,6543,5236,6684,6559,6445,6464,5412,4192,4255,5039,3957,6587,4599,4717,4061,4055,3797,5998,6751,4986,5580,4010,4051,6633,5755,3693,6776,5471,6639,6092,3572,3342,3816,6169,4703,5783,5661,4936,6062,6769,4886,4786,4528,5558,5606,5950,6170,6199,5123,6637,5090,5995,3829,5044,4906,6251,3407,3832,4162,5997,4590,4763,5967,6599,3788,3592,3418,4648,4311,6451,6047,5718,4267,5341,6610,5023,5032,5988,3726,6010,3524,3705,6630,4996,6292,6031,3893,3756,4114,5892,4091,5131,6759,3910,6313,4219,5211,5968,5385,6179,6736,6204,5791,4600,6009,5253,6760,4915,4821,3867,5275,5712,3700,4129,5416,3367,4931,5652,4427,4391,3628,3818,4991,5490,4126,4341,6004,4614,4560,5387,6344,3580,5444,4300,5488,4303,5767,4177,6153,6355,5394,5625,4674,5587,6389,4381,3501,3905,3799,4646,5462,4625,5525,4253,4751,6250,3954,3897,5107,5664,5080,4766,6725,3973,5636,5197,4348,5874,5300,4805,3878,5863,6150,3365,4785,5028,5618,5875,6465,3531,6166,3468,6085,4170,6102,5909,3356,6756,4990,5737,6615,6558,5151,3750,6620,6711,4566,5065,6789,6205,5974,4335,6049,3383,6165,5669,4394,5464,4030,6222,6608,3894,5229,4630,3960,5940,3459,6570,5264,3979,6161,6075,5949,5516,4074,3665,6393,4848,4327,3953,5311,3977,6692,4176,6498,4880,5881,5559,5299,6463,4368,3647,4595,3366,5484,4800,5735,3883,5261,6116,3943,3822,3886,4321,5599,6417,4942,6310,4718,3530,4757,4351,5562,3786,3732,4869,4893,3485,5116,5359,5291,4498,6555,4669,5111,5308,3809,5070,4065,4198,5764,5582,4559,3358,4879,6682,3975,4947,4071,5472,3504,6245,6790,6094,4998,6687,5066,5621,6774,4463,4544,3852,5182,4890,4905,6192,5678,4078,5003,5407,5429,5466,3779,6397,6439,5051,6346,3520,4305,5719,6211,6640,5335,6369,6529,4754,3937,4403,4731,6507,5293,3412,4615,5853,6277,6272,6377,5541,3535,4326,4490,6316,5545,5647,3926,6669,3698,3708,5053,3636,3908,5413,6474,6206,4218,4438,4188,4455,6350,5725,6758,6586,4411,5833,5186,5047,3637,4283,5784,3646,4307,4601,6314,4540,6583,3713,5695,6158,6154,3772,3388,5531,6723,5839,6306,4952,4006,6379,5269,5847,6593,4017,6411,3946,3417,5364,6424,3994,5717,4834,6383,6347,5964,6076,5445,3443,6522,3843,5260,6243,4978,4518,5966,4807,4920,5108,6298,5547,5288,3608,4290,4545,5842,6678,4138,5091,3435,5255,5174,5662,4526,4874,4831,6038,4813,5000,6012,6157,4119,4343,5332,6728,6212,6734,5217,5137,6380,3744,6526,4171,4856,5694,4500,3416,4016,5659,4395,5272,3340,3649,6491,3659,6691,5062,4852,5058,5612,4639,4782,4974,6217,6747,4443,3359,4552,5202,3477,5552,5522,6184,4007,4376,6262,4904,4877,6392,3865,4575,3433,5238,3810,6193,5002,6035,5390,6349,4623,4274,4098,5542,4633,5707,4912,6724,4948,5577,3519,4594,4432,4479,5710,3464,5884,5859,6334,3394,5406,3376,5533,5292,6228,3448,5329,6553,4422,4135,4362,3861,5388,4040,6283,5651,4909,3891,6275,5481,5073,3437,6225,6798,6066,6744,5136,6422,6442,5020,3508,5389,4801,5763,3497,5508,4478,5135,3730,4993,4405,6265,6175,6428,3727,4271,3990,4733,5876,4130,6147,6210,4950,6653,3619,4158,4503,6244,5351,3571,5626,5921,6233,4380,4220,3812,5250,3980,6518,3387,5083,3787,4569,3762,6253,4863,4387,5584,3747,5734,4370,6021,4792,6186,4041,5627,4578,4995,5893,4793,4636,5408,4109,3745,5645,4226,4201,5576,4397,6564,4778,6450,4049,6101,6336,4579,6113,3456,4806,4322,6333,3438,4248,6612,3543,6589,4651,6400,3674,6022,4680,5121,4977,5511,6258,4172,3428,3614,3948,3934,4888,3896,4783,3857,5748,3841,6037,5933,6226,4043,5323,6348,4258,6381,3584,6091,5470,4895,5726,5209,6731,5830,4003,3780,4296,4269,3445,6382,5942,5507,5350,4139,5928,5092,4727,5675,4046,4504,6164,3549,3734,6784,6124,4587,4331,4808,3542,3919,4250,5504,6273,5671,6453,3476,4804,5851,4876,4841,6168,3414,5500,4027,4009,3831,3672,5095,4631,6053,6081,3479,4187,4798,3626,4941,5910,5352,3561,4900,6311,4794,3563,4802,3974,4539,3765,6541,6603,6436,4179,5831,4144,6176,4181,5536,6482,5227,4616,3873,5838,3583,5475,4475,4871,6284,6065,6654,5433,3581,6122,6775,5316,6042,5757,3920,6748,4548,4809,4803,6293,6077,6749,5014,5962,6676,6509,5339,4224,4514,4902,4570,5551,4421,6592,5372,4899,4825,5009,6111,6127,6577,4359,4881,4244,4212,6354,6040,4762,4694,5823,3607,4229,5018,6238,6504,5795,5865,5981,5415,6737,5846,3720,5711,4618,6642,5813,3338,5025,5375,4574,5179,6670,3903,4878,4516,5449,5623,5845,4914,4096,4147,6108,5281,5946,3494,5878,5673,4959,5603,6743,4375,4676,3363,3343,5772,3710,5162,3381,5994,6588,3808,4736,4673,3499,6294,5171,6729,6287,6705,3455,6434,4256,6606,5752,6086,4917,6750,4125,5821,6782,4606,3751,4466,4971,6183,5297,3509,5452,6701,5904,6149,6403,4864,6781,6753,6373,6302,4425,4882,6762,5877,5303,6413,5448,4297,5733,4257,5716,6554,3884,4084,4670,6132,3648,6432,3487,6338,5213,5496,5980,3442,5744,3372,6088,6514,4338,4815,3599,4572,3516,5518,3488,5743,5168,5361,5993,3721,3483,3955,3606,4908,3767,6361,4525,4053,5199,6152,5274,4211,5322,6430,5469,6372,4263,6001,6013,3609,4585,4235,5163,6455,5342,6140,3839,5532,6722,4649,3739,3670,6562,4627,3846,5463,3534,4759,5702,5417,3688,3823,4923,3480,3397,6717,3658,3793,4961,4678,5012,6335,4839,6783,5483,4499,3586,5005,6659,5145,6512,3460,6014,4451,4583,3986,4280,4713,6394,4401,3888,4699,5104,4493,3924,6080,6404,4943,4477,4486,3454,3434,5424,4696,6104,3686,4591,4222,3503,5438,6532,4032,6486,5097,3664,6648,6475,6324,4819,4746,4062,3511,5380,6636,4042,5697,6531,6598,4510,6082,4064,4927,5862,5724,3601,5676,5640,6155,6071,5595,3610,4487,4204,4557,4228,5841,6440,4533,5521,4260,6072,4619,3805,3904,6143,4687,3733,5139,5188,4104,3965,3951,5585,5196,6426,4965,3978,5319,3643,6172,4613,6011,6745,6263,6002,3644,4430,5038,3661,4407,5155,6041,4193,5140,4919,5787,4464,4312,4515,6368,6435,3493,4273,4933,4392,4791,4988,5951,3671,3463,5512,6508,3911,6617,3347,3396,3770,4935,6649,6061,6129,4382,5225,4580,4428,6547,5093,4861,3929,4128,5843,3901,4868,4163,3753,6476,5348,3615,5793,5486,4238,4247,5383,4056,5235,3909,4160,4454,5608,4592,4681,3423,4835,3458,4537,4629,4388,3578,4797,6068,4911,3577,5592,3399,4161,3382,3473,5923,4833,5687,5266,6121,6174,4898,4642,4309,4502,4077,3939,5222,4166,5885,5431,5617,6276,3640,6178,4706,5560,5430,3506,4272,6370,5569,6530,4337,4213,4605,3605,3900,5601,5898,5298,5938,4328,3971,5611,4458,5203,3570,4494,4116,6779,5989,3781,5780,4894,-1,108,42,32,32,10,114,32,118,101,83,117,110,32,32,101,32,97,101,32,13,85,105,108,72,116,47,66,114,102,46,41,44,73,111,32,32,32,80,110,45,10,32,101,71,105,105,101,73,77,100,107,101,116,97,118,105,105,65,47,110,116,118,32,97,101,34,67,47,10,114,114,110,101,32,32,100,45,114,105,117,105,114,47,83,100,101,79,110,66,110,32,116,13,97,86,32,32,105,32,116,110,114,32,32,32,99,32,32,87,61,101,101,32,97,10,84,34,67,32,32,45,32,67,111,76,60,101,67,45,13,32,58,32,108,103,111,99,46,101,107,112,80,32,105,114,101,47,32,77,114,32,32,110,111,101,108,40,32,66,97,83,100,48,13,116,83,104,32,116,80,10,114,97,116,83,32,114,48,109,234,116,231,32,32,114,97,83,100,110,118,109,61,99,101,45,40,99,101,32,105,32,61,244,82,116,101,100,114,116,45,10,32,110,114,102,100,32,105,143,109,70,32,111,32,32,10,98,32,116,46,32,79,97,97,110,32,32,32,105,116,117,70,114,32,10,101,101,111,108,71,101,41,103,114,32,117,32,47,100,32,105,32,116,111,47,32,104,97,99,32,101,32,46,101,32,83,32,97,10,101,100,13,110,13,108,61,110,116,85,105,111,112,102,13,47,32,45,116,32,101,110,32,32,13,105,97,44,101,100,101,32,100,32,32,70,32,104,101,45,100,101,116,80,32,152,116,32,111,10,103,13,32,46,69,32,32,105,61,117,76,115,114,111,10,114,101,109,32,67,61,32,34,32,116,101,101,32,114,99,32,105,32,99,115,99,108,110,100,10,83,72,72,111,30,46,110,108,97,32,40,32,97,161,114,105,61,32,10,61,123,82,66,45,108,116,114,32,97,97,46,101,32,109,32,108,34,116,110,114,10,45,46,32,83,117,84,105,114,109,13,101,61,111,95,13,109,114,97,32,32,45,122,31,100,67,121,105,32,13,99,32,116,105,116,32,110,61,162,13,110,47,122,45,105,111,58,80,111,116,105,40,45,32,116,41,10,116,101,40,104,32,10,111,32,46,76,102,97,32,46,32,71,117,10,215,13,32,67,99,32,111,72,93,41,110,72,100,105,99,79,94,251,75,32,111,32,111,83,32,101,32,86,118,111,101,72,105,105,116,116,10,32,32,32,13,111,58,32,118,32,61,109,240,80,102,103,97,99,116,32,104,65,105,108,110,70,34,101,32,107,32,45,101,32,32,101,112,99,110,32,32,109,97,117,101,32,111,32,101,101,32,105,116,40,84,114,97,61,32,105,107,97,108,84,46,110,110,41,110,108,97,46,47,101,95,32,101,114,32,208,71,32,114,105,188,116,32,10,99,99,97,40,32,117,32,32,112,105,105,66,101,10,164,110,97,105,32,56,32,97,103,32,116,200,101,32,101,97,32,101,32,76,97,83,40,83,100,32,116,118,46,116,116,10,105,114,111,114,67,75,115,110,32,13,32,50,177,44,111,13,108,116,114,40,82,101,110,110,61,101,111,100,105,108,48,116,76,100,46,10,10,116,45,10,68,123,125,97,32,121,114,109,105,46,97,101,108,32,85,160,97,30,101,32,206,101,55,76,108,45,65,61,115,100,32,32,32,116,32,32,32,101,13,32,34,101,111,107,110,41,13,72,83,32,116,119,116,110,32,99,101,32,99,98,101,105,32,114,32,32,109,115,110,32,32,40,115,99,114,32,46,32,121,13,13,101,13,116,58,32,13,32,32,101,105,117,10,103,13,32,116,103,32,107,114,32,32,84,101,32,101,10,99,114,99,110,32,121,111,40,86,105,10,116,108,104,107,32,108,71,111,105,10,47,67,109,41,70,105,100,80,110,117,115,110,100,100,101,110,13,99,102,114,32,32,97,114,111,80,32,114,116,105,99,10,32,13,72,99,101,111,32,108,101,82,32,67,13,45,32,32,73,116,61,40,46,32,32,108,32,10,47,101,82,105,101,32,97,44,112,32,97,47,32,47,41,32,34,103,115,108,13,111,10,32,76,83,67,32,101,97,111,87,13,111,97,121,115,109,10,32,44,99,116,116,34,23,116,114,44,32,108,118,32,114,101,32,32,111,32,46,32,111,101,67,117,101,32,103,100,32,110,101,114,86,101,97,58,105,32,95,50,32,38,32,110,103,32,32,116,100,32,13,44,107,32,32,114,10,13,108,13,101,99,32,32,47,41,32,111,116,65,32,71,13,114,13,32,114,101,244,32,83,115,178,105,80,116,32,32,32,121,32,13,32,32,115,44,236,10,97,101,111,10,99,111,108,110,100,121,101,32,110,114,110,100,105,32,44,67,105,32,111,100,32,100,97,47,80,32,6,99,101,110,83,32,32,65,101,41,117,32,119,109,32,118,97,32,101,110,32,104,114,10,24,13,116,99,116,110,32,105,110,32,114,116,32,10,34,32,101,44,70,104,115,213,32,112,97,101,97,32,100,32,99,32,116,32,111,68,66,32,83,97,116,99,13,32,117,99,100,116,32,32,114,119,111,32,10,110,97,45,32,10,99,105,101,13,122,50,101,10,101,32,103,68,61,41,142,110,32,45,125,32,32,83,41,105,100,61,101,194,32,66,116,10,32,32,109,109,108,32,108,32,10,32,101,116,32,32,32,105,99,32,114,110,32,61,108,114,32,61,105,101,105,32,101,83,40,111,100,97,97,32,111,97,101,116,65,101,32,110,101,111,32,97,105,43,111,32,114,32,115,97,40,45,32,84,80,97,101,87,105,101,101,107,111,114,32,72,32,47,41,32,67,61,32,107,108,115,100,111,41,116,10,32,114,32,32,41,110,111,101,32,101,32,32,101,105,32,32,116,32,109,114,71,61,116,110,45,101,142,13,116,46,105,107,105,24,110,101,32,46,109,68,80,32,10,61,110,101,72,72,108,32,101,110,108,116,32,116,97,47,32,67,32,115,61,32,32,108,32,105,32,111,101,32,32,116,156,46,116,110,32,32,40,100,123,72,101,117,116,110,101,32,101,101,61,78,110,105,99,117,32,61,49,114,101,32,110,32,32,99,80,111,86,32,101,114,99,110,32,101,109,105,32,103,117,116,137,91,32,32,105,105,97,72,101,32,116,32,116,111,115,109,32,54,122,139,114,40,116,102,110,115,110,46,105,47,120,32,32,32,58,65,46,116,65,32,97,109,45,32,32,107,97,32,13,114,101,107,56,10,99,31,111,72,32,110,32,120,79,32,97,111,110,111,32,115,67,95,32,114,108,32,32,98,104,32,32,117,97,105,101,116,111,32,40,111,109,32,101,108,119,114,79,67,111,109,109,32,117,3,32,114,105,103,32,105,89,13,32,108,97,115,97,116,111,114,116,97,32,65,32,110,80,32,97,32,99,101,105,46,108,207,110,32,110,32,103,105,97,41,32,101,109,102,111,105,105,114,116,67,86,100,68,48,32,68,108,116,32,32,32,75,32,86,32,114,32,95,75,32,114,105,116,103,97,41,101,110,45,111,46,32,100,86,107,110,110,10,47,105,66,109,67,10,13,105,65,121,32,116,116,100,46,104,117,115,133,32,32,105,47,114,32,103,32,108,97,114,101,95,99,99,110,32,13,44,32,128,108,32,97,99,99,101,111,32,32,32,192,32,122,32,105,101,34,105,102,10,32,114,32,32,114,41,10,99,101,117,110,101,40,45,100,32,84,61,97,47,10,32,32,101,110,241,105,114,32,114,32,97,116,111,114,111,101,10,105,32,81,112,41,99,66,116,10,116,32,101,49,32,32,68,108,108,107,101,32,47,97,104,105,32,226,13,32,76,108,34,108,32,13,32,102,32,13,13,32,97,32,114,32,32,80,32,117,111,32,32,32,32,84,216,110,32,111,101,114,116,103,40,100,32,109,117,101,103,118,116,177,13,10,99,101,65,105,119,108,111,114,32,99,32,105,110,97,99,116,41,13,112,118,110,47,32,97,111,50,105,76,80,67,109,32,32,13,100,111,115,97,32,114,116,105,108,116,48,120,116,32,97,105,103,110,104,45,32,116,32,46,32,109,105,61,107,32,105,101,182,101,47,80,116,112,117,108,32,101,32,116,41,47,65,99,65,44,97,32,83,32,115,101,46,32,97,101,32,13,97,101,83,32,95,114,109,101,105,110,32,32,101,32,47,110,82,101,10,102,111,100,32,111,101,102,116,101,111,41,104,103,125,116,100,101,97,32,97,108,32,115,87,34,65,115,116,130,32,46,105,86,41,40,32,69,111,32,45,116,32,46,116,13,67,100,105,10,32,32,99,118,10,32,32,10,110,40,108,121,108,40,13,10,101,110,116,40,100,32,105,61,121,99,66,32,13,84,107,76,101,116,45,32,99,103,41,30,75,97,114,116,116,13,101,10,32,32,101,100,114,101,13,98,105,97,32,116,101,121,108,32,32,101,34,109,34,27,105,65,111,32,53,99,101,67,83,108,46,105,32,40,47,32,32,34,116,40,107,10,101,65,44,88,117,111,10,10,111,32,43,116,109,109,114,32,13,159,104,151,101,103,97,13,105,115,32,101,116,115,108,110,40,105,112,87,114,108,32,32,108,32,32,99,32,97,101,107,32,100,41,41,99,72,105,104,108,83,68,111,239,32,13,32,49,105,158,45,32,114,13,108,110,75,46,101,100,32,101,47,34,32,83,110,32,116,107,125,32,101,100,115,114,101,13,115,101,86,32,169,97,114,32,101,149,32,103,107,32,43,114,110,114,32,101,10,80,83,34,45,67,68,116,107,97,61,105,32,121,97,99,100,111,111,86,13,99,123,32,114,10,100,41,116,32,122,46,32,32,83,108,32,32,116,99,97,101,101,114,105,32,119,80,32,110,10,32,114,86,115,109,117,83,86,13,32,117,10,118,99,105,127,104,16,105,101,115,101,47,103,114,116,97,114,108,32,32,32,40,32,108,105,116,32,65,72,13,44,32,111,117,114,101,121,104,99,111,46,32,102,100,101,110,121,41,67,47,87,47,65,103,81,117,32,105,72,105,32,99,13,32,32,105,32,32,172,99,32,107,116,100,111,83,108,116,72,114,101,101,32,97,111,97,32,99,110,101,101,110,32,100,99,114,116,116,32,32,108,40,67,97,105,101,32,32,32,32,32,32,97,32,100,97,50,99,65,118,32,109,101,110,101,32,101,32,99,32,10,97,32,99,32,87,32,105,32,48,32,119,103,116,114,111,110,10,117,42,32,111,32,32,97,126,75,46,101,105,105,111,67,32,100,46,116,32,86,102,32,114,46,238,115,97,46,101,34,34,32,99,108,100,115,126,115,99,110,32,99,111,108,100,13,101,97,32,109,111,32,32,32,13,70,109,13,109,32,32,32,32,105,99,95,67,13,101,100,246,68,69,104,102,114,47,34,108,115,116,101,32,10,110,32,32,116,105,116,32,108,61,117,44,50,101,104,116,117,111,111,111,32,103,105,13,32,111,32,101,121,32,13,10,98,101,65,100,83,116,116,32,61,73,13,32,61,32,116,114,46,67,45,104,108,58,114,47,108,44,32,32,114,101,108,104,32,82,99,72,32,101,49,61,78,32,47,72,32,126,32,101,97,97,32,32,97,114,108,61,10,40,47,32,46,116,32,32,47,108,61,99,65,65,116,32,32,105,114,34,32,13,32,116,99,41,32,106,111,32,110,108,32,32,11,111,70,68,44,48,117,65,99,101,99,101,32,99,101,202,117,45,111,40,13,97,199,111,68,66,116,32,116,83,117,100,100,32,105,34,101,115,80,111,100,95,32,41,13,65,97,40,32,67,111,99,34,32,32,115,80,58,108,41,179,101,116,102,108,32,32,13,32,32,101,10,10,72,110,67,101,13,45,46,105,103,116,101,32,122,111,110,61,100,115,32,32,224,111,111,110,101,111,116,10,110,110,32,69,103,116,99,105,115,114,61,116,32,47,97,32,102,13,101,109,10,101,110,32,101,32,109,107,99,13,32,51,110,104,114,32,111,114,97,108,72,112,117,111,100,110,111,32,10,10,99,142,101,97,116,101,47,116,32,101,97,104,32,105,32,97,32,115,108,32,72,105,32,32,114,46,22,32,32,105,97,58,32,17,101,111,115,101,65,109,32,32,47,101,110,107,45,61,99,32,46,34,80,32,32,169,100,116,32,101,101,142,116,115,32,34,114,97,32,61,32,32,58,32,32,67,80,117,97,101,114,45,117,32,100,41,32,98,111,105,110,10,32,13,32,45,101,32,13,32,32,99,112,116,99,4,87,110,79,10,110,114,29,116,32,10,45,114,104,111,97,98,32,32,61,32,81,32,13,76,99,105,103,117,99,32,72,32,76,83,32,13,67,101,99,115,101,115,41,247,111,114,120,46,32,108,105,115,99,114,111,101,10,13,39,103,105,110,108,109,109,32,111,32,103,80,32,95,32,189,111,40,40,72,47,101,83,105,114,109,65,97,111,10,110,110,224,83,67,97,101,116,101,105,111,100,10,76,32,105,32,110,100,32,101,32,150,220,41,41,32,32,66,116,103,108,32,101,56,101,41,111,65,101,13,76,101,76,117,169,50,116,104,32,111,97,101,103,80,101,10,79,83,47,47,105,115,105,116,47,114,105,45,67,104,108,32,13,118,32,110,10,108,108,118,86,10,32,105,243,97,72,54,97,61,86,66,32,83,46,115,99,32,32,13,111,108,32,116,32,13,101,10,10,105,10,32,32,40,115,110,100,115,111,13,47,47,115,32,88,32,114,105,32,10,115,13,116,97,109,111,116,116,110,32,118,32,40,34,99,115,111,107,101,114,45,32,9,111,116,32,32,32,105,111,32,225,99,46,32,32,101,80,97,32,97,101,100,110,101,45,111,41,109,61,115,114,13,226,101,101,10,111,32,73,116,115,47,110,105,13,116,32,80,8,111,47,95,10,32,45,114,32,104,61,32,46,100,32,32,46,34,109,101,32,32,32,32,32,32,104,100,32,10,32,105,114,101,118,13,110,32,32,65,32,119,34,13,32,7,101,117,32,101,67,105,110,107,77,101,239,107,110,117,116,109,112,32,97,97,47,101,105,69,32,110,100,45,41,97,41,99,32,32,182,105,32,32,102,46,107,83,99,104,73,32,45,13,116,32,114,46,110,108,114,107,32,40,109,103,66,101,111,32,40,103,99,65,101,97,32,32,32,101,32,61,110,32,10,32,32,103,58,32,13,32,116,32,116,114,109,32,32,105,114,32,10,32,101,32,110,32,82,107,32,116,32,32,80,32,34,34,111,116,32,99,105,45,32,13,85,117,32,32,105,99,32,98,110,32,84,107,101,103,111,101,119,111,32,32,13,45,82,10,13,32,32,114,32,83,119,32,99,114,111,114,47,73,102,101,32,97,116,32,44,32,110,98,117,99,110,99,101,69,111,116,32,32,101,44,115,10,13,48,10,32,116,116,22,32,32,109,85,108,80,107,32,13,116,67,101,122,32,13,71,34,105,32,10,107,32,99,32,61,65,99,98,32,114,34,111,32,97,114,83,10,32,226,137,114,40,71,105,32,111,115,114,68,83,32,104,32,10,111,32,30,32,32,101,97,110,101,83,83,32,109,119,107,10,101,32,32,99,99,32,61,32,32,47,32,105,32,99,111,116,111,103,114,114,32,32,44,32,116,40,114,107,119,101,108,110,99,32,47,115,110,47,100,115,32,111,100,34,13,101,116,116,83,10,32,111,32,103,114,100,117,61,116,110,78,99,10,32,111,32,61,58,116,103,111,100,118,100,32,100,53,105,75,101,178,111},key))if a then a()else gg.alert("WRONG PASSWORD!")end
